6 10 2 1 3 2
4 10 4 2 3 2
7 10 4 2 1 3
7 10 5 2 4 3
5 10 5 5 1 2
7 10 6 2 5 4
4 10 4 5 4 1
6 10 8 2 1 3
5 10 6 3 4 3
0 10 10 0 0 0
3 10 5 7 1 2
5 10 1 2 4 3
5 10 5 4 4 3
6 10 4 6 1 3
3 10 5 3 4 3
3 10 4 3 4 3
5 10 6 3 4 3
2 10 3 6 4 3
2 10 4 3 4 3
5 10 7 2 1 3
3 10 5 3 4 3
4 10 5 3 4 3
3 10 4 3 4 3
5 10 8 3 2 3
5 10 7 2 4 3
4 10 5 3 4 3
5 10 5 3 4 3
4 10 5 4 4 3
6 10 7 2 4 1
4 10 5 2 5 3
6 10 7 6 4 3
6 10 7 4 4 3
2 10 4 2 4 3
5 10 6 2 4 3
4 10 5 2 4 3
4 10 5 2 4 3
4 10 3 2 5 3
5 10 4 1 4 3
2 10 4 2 3 3
6 10 7 2 4 3
4 10 3 3 5 3
4 10 5 3 2 3
4 10 5 3 4 3
4 10 3 6 4 3
4 10 6 3 2 3
1 10 8 1 5 3
2 10 3 7 0 3
4 10 5 3 3 3
5 10 6 4 3 3
2 10 4 3 4 3
6 10 7 2 4 3
5 10 4 1 7 3
7 10 7 0 0 3
3 10 4 1 3 3
2 10 3 6 4 3
6 10 7 3 1 3
5 10 7 2 4 3
