5 10 2 5 1 3
2 10 4 1 2 3
3 10 1 4 1 2
8 10 8 1 0 1
6 10 6 4 3 2
2 10 1 8 2 4
4 10 3 6 0 1
8 10 9 1 3 4
5 10 4 5 4 2
4 10 2 7 4 2
6 10 7 2 5 3
6 10 7 2 4 3
6 10 9 1 1 0
5 10 4 1 6 6
5 10 4 5 4 2
2 10 4 5 4 2
3 10 4 3 4 2
4 10 5 5 4 2
5 10 4 5 4 2
5 10 6 5 4 2
1 10 3 5 4 2
4 10 6 5 4 2
5 10 4 5 4 2
5 10 4 5 4 2
5 10 4 5 4 2
5 10 4 5 4 2
5 10 6 4 3 2
6 10 7 6 4 2
3 10 6 2 4 2
3 10 4 3 4 2
4 10 4 5 4 3
3 10 6 5 4 2
1 10 3 6 4 2
5 10 6 5 4 2
5 10 6 4 4 2
4 10 5 4 3 2
4 10 4 3 2 2
5 10 4 5 4 2
7 10 8 2 0 2
5 10 5 4 4 2
3 10 2 5 4 2
5 10 4 5 4 2
5 10 4 5 4 2
2 10 2 5 5 2
3 10 3 5 4 2
1 10 1 6 4 2
3 10 4 5 2 2
6 10 7 5 4 2
1 10 2 5 4 2
2 10 3 6 4 2
8 10 7 2 4 2
5 10 5 5 1 0
7 10 10 3 0 0
5 10 6 2 3 2
6 10 8 3 6 2
6 10 8 2 4 2
7 10 6 3 4 2
