20084038
20084074
20084059
20084050
20084051
20084052
20084072
20084053
20084054
20084055
20084056
20084061
20084062
20084063
20084011
20084012
20084013
20084014
20084015
20084016
20084017
20084018
20084019
20084020
20084021
20084022
20084023
20084031
20084032
20084033
20084034
20084035
20084036
20084037
20084138
20084039
20084040
20084137
20084938
20084139
20084140
20084141
20084142
20084143
20084144
20084145
20084146
20084147
20084158
20084260
20084261
20084263
20084264
20084265
20084267
20084268
20084269
